4b1yz003	丁國泰	4	4	4	3	4	5	5	5	5	5	5																											
4b214001	馬士軒	6	5	6	6	6	5	6	6	4	4	5																											
4b214002	張芸溱	4	4	4	4	4	4	4	4	4	4	4																											
4b214007	陳子雋	1	1	1	2	2	2	2	2	1	2	2																											
4b214009	蘇柏勳	5	5	5	5	5	5	5	5	5	5	5																											
4b214013	蘇旭弘	5	4	6	5	4	6	5	5	5	6	5																											
4b214014	謝承侑	2	3	3	1	2	2	2	2	4	4	4																											
4b214015	張慶籙	3	3	2	3	1	2	3	2	1	2	3																											
4b214016	朱育宏	6	5	5	6	5	4	4	5	4	5	5																											
4b214018	李承恩	6	5	6	6	4	3	4	4	6	6	6																											
4b214019	呂睿宸	5	4	4	4	5	5	5	4	5	5	6																											
4b214020	張偉宸	5	5	5	6	6	5	5	5	5	5	6																											
4b214021	林文欽	3	3	3	3	3	3	3	2	3	3	3																											
4b214022	林宥愷	1	2	1	2	2	1	1	2	1	2	2																											
4b214024	蕭旭閎	4	3	4	4	4	4	4	4	4	3	5																											
4b214030	吳翰承	5	5	5	5	5	5	5	5	5	5	5																											
4b214043	柯津妍	3	3	3	4	4	3	3	2	3	4	3																											
4b214053	李宗諭	4	4	3	5	3	5	2	3	4	4	4																											
4b214057	謝函臻	5	5	4	4	4	3	3	3	4	4	4																											
4b214059	陳韋廷	3	3	3	3	3	3	3	3	3	3	3																											
4b214067	蘇峻玄	3	3	3	4	3	3	3	4	3	4	3																											
4b214076	甘欣平	3	3	3	3	3	3	3	3	3	3	3																											
4b214090	林哲緯	6	6	4	4	4	3	3	5	4	4	3																											
4b214902	莊宗盛	1	4	3	6	6	5	5	6	6	6	6																	