4b1yz001	馬盛中	1	6	6	6	6	6	6	6	6	5	5	5																																		
4b1yz003	丁國泰	1	5	5	4	6	4	4	4	5	5	5	5																																		
4b1yz004	石阮芳娟	2	6	5	5	6	5	5	4	6	5	4	6																																		
4b1yz005	陳文光	1	6	6	4	4	4	4	6	6	6	4	6																																		
4b214001	馬士軒	1	5	5	5	5	5	5	5	5	4	4	5																																		
4b214002	張芸溱	2	4	4	4	4	4	4	4	4	4	4	5																																		
4b214003	杜柏叡	1	6	5	5	6	6	6	5	5	4	6	6																																		
4b214004	范誌中	1	5	5	5	5	6	5	5	6	4	4	4																																		
4b214005	林沅佑	1	4	4	5	5	4	4	4	5	3	4	5																																		
4b214006	莊晟彣	1	6	6	5	6	5	4	5	5	6	4	6																																		
4b214007	陳子雋	1	6	5	5	6	6	5	6	4	5	4	4																																		
4b214008	黃圓光	1	5	5	5	6	5	5	5	5	5	5	5																																		
4b214009	蘇柏勳	1	5	5	5	5	5	5	5	5	5	5	5																																		
4b214010	吳翊睿	1	6	6	5	5	5	5	5	5	5	5	5																																		
4b214012	許霆萱	1	6	6	6	6	6	6	6	6	6	6	6																																		
4b214013	蘇旭弘	1	4	5	6	5	4	5	5	4	4	5	5																																		
4b214014	謝承侑	1	5	3	3	4	4	4	3	3	3	4	4																																		
4b214016	朱育宏	1	5	4	4	6	5	6	5	6	5	4	4																																		
4b214017	蔡長廷	1	5	5	5	5	4	5	4	5	4	5	5																																		
4b214018	李承恩	1	6	6	6	6	5	5	6	6	6	6	6																																		
4b214019	呂睿宸	1	6	5	5	5	5	5	5	5	5	5	5																																		
4b214020	張偉宸	1	5	5	5	5	5	5	5	5	5	5	5																																		
4b214021	林文欽	1	5	5	5	5	5	5	5	5	5	5	5																																		
4b214022	林宥愷	1	6	6	6	6	6	6	6	6	6	6	6																																		
4b214023	葉宛如	2	5	5	5	6	4	4	4	4	4	4	5																																		
4b214024	蕭旭閎	1	4	4	4	4	4	4	4	4	4	4	4																																		
4b214027	戴穎綸	1	6	6	6	6	6	6	6	6	6	6	6																																		
4b214030	吳翰承	1	6	6	6	6	6	6	6	5	5	6	6																																		
4b214043	柯津妍	2	4	5	4	4	4	3	3	3	2	4	3																																		
4b214053	李宗諭	1	4	4	4	4	4	4	4	4	4	4	4																																		
4b214054	蘇晨瑋	1	5	5	5	5	5	5	5	5	5	5	5																																		
4b214057	謝函臻	2	4	4	4	5	4	5	4	4	3	4	5																																		
4b214059	陳韋廷	1	5	5	5	5	5	5	5	5	5	5	5																																		
4b214067	蘇峻玄	1	5	5	5	6	4	5	5	5	6	5	5																																		
4b214068	楊睿綦	1	6	6	6	6	6	6	6	6	6	6	6																																		
4b214070	劉宇恆	1	4	4	4	4	4	4	4	5	4	5	4																																		
4b214073	魏維廷	1	5	5	6	6	5	5	6	6	6	5	5																																		
4b214076	甘欣平	2	5	4	4	4	4	4	3	4	4	4	4																																		
4b214082	石妙真	2	4	5	5	5	3	4	5	4	4	4	4																																		
4b214087	陳邑恩	1	6	5	5	6	5	5	6	6	5	6	5																																		
4b214090	林哲緯	1	6	6	5	5	5	5	6	6	6	5	6																