學號	姓名	1.性別	3.11.我相信「我可以實現我的目標和抱負」 3.22.我已採取「積極措施來實現我的人生目標」 3.33.我經常為未來做打算 3.44.我在做決定之前，會考慮我的決定可能產生的結果	3.55.我目前正在從事「與我的目標和靈感想法」相關的活動	3.66.我對「自己的目標和靈感想法」充滿熱情	3.77.我花費大量時間從事「與我的人生目標」相關的活動	3.88.我對自己的目標和抱負滿懷衝勁	3.99.我所做的工作，將對他人產生積極的影響	3.1010.我的人生目標代表了「對社會做出有意義貢獻的個人承諾」	3.1111.我有一種個人責任感，通過我將要做的工作來幫助他人和/或改善社會																																	                                	   
4b1yz003	丁國泰	4	4	4	3	4	5	5	5	5	5	5																											
4b214001	馬士軒	6	5	6	6	6	5	6	6	4	4	5																											
4b214002	張芸溱	4	4	4	4	4	4	4	4	4	4	4																											
4b214007	陳子雋	1	1	1	2	2	2	2	2	1	2	2																											
4b214009	蘇柏勳	5	5	5	5	5	5	5	5	5	5	5																											
4b214013	蘇旭弘	5	4	6	5	4	6	5	5	5	6	5																											
4b214014	謝承侑	2	3	3	1	2	2	2	2	4	4	4																											
4b214015	張慶籙	3	3	2	3	1	2	3	2	1	2	3																											
4b214016	朱育宏	6	5	5	6	5	4	4	5	4	5	5																											
4b214018	李承恩	6	5	6	6	4	3	4	4	6	6	6																											
4b214019	呂睿宸	5	4	4	4	5	5	5	4	5	5	6																											
4b214020	張偉宸	5	5	5	6	6	5	5	5	5	5	6																											
4b214021	林文欽	3	3	3	3	3	3	3	2	3	3	3																											
4b214022	林宥愷	1	2	1	2	2	1	1	2	1	2	2																											
4b214024	蕭旭閎	4	3	4	4	4	4	4	4	4	3	5																											
4b214030	吳翰承	5	5	5	5	5	5	5	5	5	5	5																											
4b214043	柯津妍	3	3	3	4	4	3	3	2	3	4	3																											
4b214053	李宗諭	4	4	3	5	3	5	2	3	4	4	4																											
4b214057	謝函臻	5	5	4	4	4	3	3	3	4	4	4																											
4b214059	陳韋廷	3	3	3	3	3	3	3	3	3	3	3																											
4b214067	蘇峻玄	3	3	3	4	3	3	3	4	3	4	3																											
4b214076	甘欣平	3	3	3	3	3	3	3	3	3	3	3																											
4b214090	林哲緯	6	6	4	4	4	3	3	5	4	4	3																											
4b214902	莊宗盛	1	4	3	6	6	5	5	6	6	6	6																											
